30
000000000000010000101010000010
000001000010001000000001000001
000000010000000001000000001010
000001001000000110000000000000
000000000000000001100000000010
010100100001000100000000111101
000001000000011010100000001000
001000000100000000010000110100
000100000000100000010000000100
000000010000010001000000000000
010000000000000000000001000100
000001000000000011000100000000
000000001000000001001000000000
100000100100001010001100000010
010000100000010000000010110000
000101000000000001000011000000
000100100001010000010000000000
001010000101100100100000100000
100010100000000001000000010100
000000011000000010001000000100
100000000000110000010010000000
000000000001010000000010001000
100000000000001100001100000001
010000000010000100000000001000
000001010000001001000000000000
000001010000001000100000001000
001001100000000000000101010000
000001011010000000110000000000
101010000000010000000000000000
010001000000000000000010000000

19
0111111000000000000
1011111111111111111
1101111111111111111
1110111000000000000
1111011000000000000
1111101000000000000
1111110000000000000
0110000000000000000
0110000000000000000
0110000000000000000
0110000000000000000
0110000000000000000
0110000000000000000
0110000000000000000
0110000000000000000
0110000000000000000
0110000000000000000
0110000000000000000
0110000000000000000

8
01111111
10111111
11011111
11101111
11110111
11111011
11111101
11111110

6
011010
100111
100101
011001
110000
011100

7
0001100
0010011
0101010
1010100
1001010
0110100
0100000

6
011111
101111
110111
111011
111101
111110

7
0111111
1011111
1101111
1110111
1111011
1111101
1111110

15
011111111111111
101111111111111
110111111111111
111011111111111
111101111111111
111110111111111
111111011111111
111111101111111
111111110111111
111111111011111
111111111101111
111111111110111
111111111111011
111111111111101
111111111111110

